6.505614542515829485e-20 6.777134196458058647e-20 7.061922793075100037e-20 7.360605333670454962e-20 7.673821443201544174e-20 8.002222694897134474e-20 8.346469295996510340e-20 8.707226050541167593e-20 9.085157510155246213e-20 9.480922219828852205e-20 9.895165963319872427e-20 1.032851391244599832e-19 1.078156158686856093e-19 1.125486453667513178e-19 1.174892666992975345e-19 1.226418716222413720e-19 1.280100590601655819e-19 1.335964748508655886e-19 1.394026369461952128e-19 1.454287467102950960e-19 1.516734874821373230e-19 1.581338121882623430e-19 1.648047225030011480e-19 1.716790428517596142e-19 1.787471934262521296e-19 1.859969673094772248e-19 1.934133177646018393e-19 2.009781626880632363e-19 2.086702141152774116e-19 2.164648414397124686e-19 2.243339775962302541e-19 2.322460777942689291e-19 2.401661403889878021e-19 2.480557990735071826e-19 2.558734946945761736e-19 2.635747335833066982e-19 2.711124373198141742e-19 2.784373863132997014e-19 2.854987565117592564e-19 2.922447450352219800e-19 2.986232766756131841e-19 3.045827791923209727e-19 3.100730113621644717e-19 3.150459240523436835e-19 3.194565314267495741e-19 3.232637670177984373e-19 3.264312980209180238e-19 3.289282709734603107e-19 3.307299630737555526e-19 3.318183158062873217e-19 3.321823312005475596e-19 3.318183158062873217e-19 3.307299630737555526e-19 3.289282709734603107e-19 3.264312980209180238e-19 3.232637670177984373e-19 3.194565314267495741e-19 3.150459240523436835e-19 3.100730113621644717e-19 3.045827791923209727e-19 2.986232766756131841e-19 2.922447450352219800e-19 2.854987565117592564e-19 2.784373863132997014e-19 2.711124373198141742e-19 2.635747335833064575e-19 2.558734946945761736e-19 2.480557990735069900e-19 2.401661403889878021e-19 2.322460777942689291e-19 2.243339775962302541e-19 2.164648414397124686e-19 2.086702141152774116e-19 2.009781626880632363e-19 1.934133177646018393e-19 1.859969673094772248e-19 1.787471934262521296e-19 1.716790428517596142e-19 1.648047225030011480e-19 1.581338121882623430e-19 1.516734874821372267e-19 1.454287467102950960e-19 1.394026369461952128e-19 1.335964748508654682e-19 1.280100590601655819e-19 1.226418716222413720e-19 1.174892666992975345e-19 1.125486453667513178e-19 1.078156158686856093e-19 1.032851391244599832e-19 9.895165963319872427e-20 9.480922219828852205e-20 9.085157510155246213e-20 8.707226050541162778e-20 8.346469295996503118e-20 8.002222694897134474e-20 7.673821443201548989e-20 7.360605333670454962e-20 7.061922793075100037e-20 6.777134196458058647e-20 6.505614542515829485e-20
6.777134196458058647e-20 7.068002756482173885e-20 7.373638945719657786e-20 7.694783827064563469e-20 8.032200701378214785e-20 8.386672579882459947e-20 8.758998935585318834e-20 9.149991628443327763e-20 9.560469890866529508e-20 9.991254252999983458e-20 1.044315928150060014e-19 1.091698500191262703e-19 1.141350687399642775e-19 1.193346419237629203e-19 1.247754679266553566e-19 1.304637995693666540e-19 1.364050743326693086e-19 1.426037251340003869e-19 1.490629715163293981e-19 1.557845915810789475e-19 1.627686756185649873e-19 1.700133631401970500e-19 1.775145659004886544e-19 1.852656805118043234e-19 1.932572953909493437e-19 2.014768980146270969e-19 2.099085897691880798e-19 2.185328170142367391e-19 2.273261282801363581e-19 2.362609687116679600e-19 2.453055238649409822e-19 2.544236256605961792e-19 2.635747335833066982e-19 2.727140039828255359e-19 2.817924594680309315e-19 2.907572688004330066e-19 2.995521453221946611e-19 3.081178687695377722e-19 3.163929313499660306e-19 3.243143042864467226e-19 3.318183158062873217e-19 3.388416259985271506e-19 3.453222783664135320e-19 3.512008025970533035e-19 3.564213384251435496e-19 3.609327468515063753e-19 3.646896727306353845e-19 3.676535221421826184e-19 3.697933191915650995e-19 3.710864100054506139e-19 3.715189866220063551e-19 3.710864100054506139e-19 3.697933191915650995e-19 3.676535221421826184e-19 3.646896727306353845e-19 3.609327468515063753e-19 3.564213384251433089e-19 3.512008025970530627e-19 3.453222783664138209e-19 3.388416259985271506e-19 3.318183158062873217e-19 3.243143042864467226e-19 3.163929313499660306e-19 3.081178687695377722e-19 2.995521453221946611e-19 2.907572688004330066e-19 2.817924594680309315e-19 2.727140039828251989e-19 2.635747335833064575e-19 2.544236256605961792e-19 2.453055238649409822e-19 2.362609687116679600e-19 2.273261282801363581e-19 2.185328170142367391e-19 2.099085897691880798e-19 2.014768980146270969e-19 1.932572953909493437e-19 1.852656805118043234e-19 1.775145659004886544e-19 1.700133631401970500e-19 1.627686756185648670e-19 1.557845915810789475e-19 1.490629715163293981e-19 1.426037251340003147e-19 1.364050743326693086e-19 1.304637995693666540e-19 1.247754679266553566e-19 1.193346419237629203e-19 1.141350687399642775e-19 1.091698500191262703e-19 1.044315928150060014e-19 9.991254252999983458e-20 9.560469890866529508e-20 9.149991628443327763e-20 8.758998935585312815e-20 8.386672579882459947e-20 8.032200701378214785e-20 7.694783827064563469e-20 7.373638945719657786e-20 7.068002756482173885e-20 6.777134196458058647e-20
7.061922793075100037e-20 7.373638945719657786e-20 7.701792330995301487e-20 8.047259279432483558e-20 8.410947964544277776e-20 8.793796180683688500e-20 9.196768317867035119e-20 9.620851403295531270e-20 1.006705006708345757e-19 1.053638027809727125e-19 1.102986168543274481e-19 1.154850839266212630e-19 1.209331798650136462e-19 1.266525864008853098e-19 1.326525411493418470e-19 1.389416649629777695e-19 1.455277651593435927e-19 1.524176134566406419e-19 1.596166978695732212e-19 1.671289483763309120e-19 1.749564368866675243e-19 1.830990529358545138e-19 1.915541576114111539e-19 2.003162194937586909e-19 2.093764378538073798e-19 2.187223599830863116e-19 2.283375013030991353e-19 2.382009787593836638e-19 2.482871698805272570e-19 2.585654116786342889e-19 2.689997551678789720e-19 2.795487925427817155e-19 2.901655748313259160e-19 3.007976379534636986e-19 3.113871544067536916e-19 3.218712261158611947e-19 3.321823312005475596e-19 3.422489334664949091e-19 3.519962583029964590e-19 3.613472324658507163e-19 3.702235781172896204e-19 3.785470437777518888e-19 3.862407469091447077e-19 3.932305951746430199e-19 3.994467465430741641e-19 4.048250628817698700e-19 4.093085080349307141e-19 4.128484400552291184e-19 4.154057485483380616e-19 4.169517921270980635e-19 4.174690976691661921e-19 4.169517921270980635e-19 4.154057485483380616e-19 4.128484400552291184e-19 4.093085080349307141e-19 4.048250628817698700e-19 3.994467465430741641e-19 3.932305951746428273e-19 3.862407469091447077e-19 3.785470437777518888e-19 3.702235781172896204e-19 3.613472324658507163e-19 3.519962583029964590e-19 3.422489334664949091e-19 3.321823312005475596e-19 3.218712261158611947e-19 3.113871544067536916e-19 3.007976379534636986e-19 2.901655748313256271e-19 2.795487925427817155e-19 2.689997551678789720e-19 2.585654116786345778e-19 2.482871698805272570e-19 2.382009787593836638e-19 2.283375013030991353e-19 2.187223599830863116e-19 2.093764378538073798e-19 2.003162194937586909e-19 1.915541576114111539e-19 1.830990529358545138e-19 1.749564368866675243e-19 1.671289483763309120e-19 1.596166978695730526e-19 1.524176134566405215e-19 1.455277651593435927e-19 1.389416649629777695e-19 1.326525411493418470e-19 1.266525864008853098e-19 1.209331798650136462e-19 1.154850839266212630e-19 1.102986168543274481e-19 1.053638027809727125e-19 1.006705006708345035e-19 9.620851403295531270e-20 9.196768317867029101e-20 8.793796180683688500e-20 8.410947964544283794e-20 8.047259279432483558e-20 7.701792330995301487e-20 7.373638945719657786e-20 7.061922793075100037e-20
7.360605333670454962e-20 7.694783827064563469e-20 8.047259279432483558e-20 8.419065495643390401e-20 8.811280157184192275e-20 9.225023119180938501e-20 9.661453827344312843e-20 1.012176769567619336e-19 1.060719126817105775e-19 1.111897597022807819e-19 1.165839023872241124e-19 1.222670980453169812e-19 1.282520588886779768e-19 1.345513106637367539e-19 1.411770254523777223e-19 1.481408261947339516e-19 1.554535606322439039e-19 1.631250426397605001e-19 1.711637593359299060e-19 1.795765429603437754e-19 1.883682073130309508e-19 1.975411495939906082e-19 2.070949197811352854e-19 2.170257612606408543e-19 2.273261282801363581e-19 2.379841879232513888e-19 2.489833166748964015e-19 2.603016042066891219e-19 2.719113796781858195e-19 2.837787785055972947e-19 2.958633700435496836e-19 3.081178687695377722e-19 3.204879531357027599e-19 3.329122170151370703e-19 3.453222783664138209e-19 3.576430681250456262e-19 3.697933191915650995e-19 3.816862705715799882e-19 3.932305951746430199e-19 4.043315515594910377e-19 4.148923502340098402e-19 4.248157143527312685e-19 4.340056033399014900e-19 4.423690567854301035e-19 4.498181057054343886e-19 4.562716897693840975e-19 4.616575131870466346e-19 4.659137693250996982e-19 4.689906652942446872e-19 4.708516829524111372e-19 4.714745219273214751e-19 4.708516829524111372e-19 4.689906652942446872e-19 4.659137693250996982e-19 4.616575131870466346e-19 4.562716897693840975e-19 4.498181057054343886e-19 4.423690567854298146e-19 4.340056033399014900e-19 4.248157143527312685e-19 4.148923502340098402e-19 4.043315515594910377e-19 3.932305951746430199e-19 3.816862705715799882e-19 3.697933191915650995e-19 3.576430681250454336e-19 3.453222783664135320e-19 3.329122170151368777e-19 3.204879531357024229e-19 3.081178687695377722e-19 2.958633700435496836e-19 2.837787785055972947e-19 2.719113796781858195e-19 2.603016042066891219e-19 2.489833166748964015e-19 2.379841879232513888e-19 2.273261282801363581e-19 2.170257612606408543e-19 2.070949197811352854e-19 1.975411495939906082e-19 1.883682073130309508e-19 1.795765429603437754e-19 1.711637593359297616e-19 1.631250426397603797e-19 1.554535606322439039e-19 1.481408261947339516e-19 1.411770254523777223e-19 1.345513106637367539e-19 1.282520588886779768e-19 1.222670980453169812e-19 1.165839023872241124e-19 1.111897597022807819e-19 1.060719126817105775e-19 1.012176769567618614e-19 9.661453827344312843e-20 9.225023119180932482e-20 8.811280157184192275e-20 8.419065495643390401e-20 8.047259279432483558e-20 7.694783827064563469e-20 7.360605333670454962e-20
7.673821443201544174e-20 8.032200701378214785e-20 8.410947964544277776e-20 8.811280157184192275e-20 9.234473067945271730e-20 9.681860451293557094e-20 1.015483218448610348e-19 1.065483128794075526e-19 1.118334959259560659e-19 1.174192181259632889e-19 1.233211775632110444e-19 1.295553238429306854e-19 1.361377340017753235e-19 1.430844604240034772e-19 1.504113473092859815e-19 1.581338121882623430e-19 1.662665890419186207e-19 1.748234297831514894e-19 1.838167612409904641e-19 1.932572953909491511e-19 2.031535914423577525e-19 2.135115695691743928e-19 2.243339775962302541e-19 2.356198138633629456e-19 2.473637118096278737e-19 2.595552945556447819e-19 2.721785108968450687e-19 2.852109676045247305e-19 2.986232766756131841e-19 3.123784400385864128e-19 3.264312980209180238e-19 3.407280713648564590e-19 3.552060294399337966e-19 3.697933191915650995e-19 3.844089899029089183e-19 3.989632476424312010e-19 4.133579699606286431e-19 4.274875056951312550e-19 4.412397764727912398e-19 4.544976856599206371e-19 4.671408273237185121e-19 4.790474726954194452e-19 4.900967953975794604e-19 5.001712802894401806e-19 5.091592453671831389e-19 5.169573930134292610e-19 5.234732973018000963e-19 5.286277291670386588e-19 5.323567219074968030e-19 5.346132861463779281e-19 5.353686959944634063e-19 5.346132861463779281e-19 5.323567219074968030e-19 5.286277291670386588e-19 5.234732973018000963e-19 5.169573930134292610e-19 5.091592453671831389e-19 5.001712802894401806e-19 4.900967953975794604e-19 4.790474726954194452e-19 4.671408273237185121e-19 4.544976856599206371e-19 4.412397764727912398e-19 4.274875056951312550e-19 4.133579699606286431e-19 3.989632476424309121e-19 3.844089899029087257e-19 3.697933191915650995e-19 3.552060294399337966e-19 3.407280713648564590e-19 3.264312980209180238e-19 3.123784400385868461e-19 2.986232766756131841e-19 2.852109676045247305e-19 2.721785108968450687e-19 2.595552945556447819e-19 2.473637118096278737e-19 2.356198138633629456e-19 2.243339775962302541e-19 2.135115695691743928e-19 2.031535914423577525e-19 1.932572953909491511e-19 1.838167612409902956e-19 1.748234297831514894e-19 1.662665890419186207e-19 1.581338121882623430e-19 1.504113473092859815e-19 1.430844604240034772e-19 1.361377340017753235e-19 1.295553238429306854e-19 1.233211775632110444e-19 1.174192181259632889e-19 1.118334959259560659e-19 1.065483128794074804e-19 1.015483218448609626e-19 9.681860451293549872e-20 9.234473067945271730e-20 8.811280157184192275e-20 8.410947964544277776e-20 8.032200701378214785e-20 7.673821443201544174e-20
8.002222694897134474e-20 8.386672579882459947e-20 8.793796180683688500e-20 9.225023119180938501e-20 9.681860451293557094e-20 1.016589295016458487e-19 1.067878240315839375e-19 1.122226569459053255e-19 1.179815141297458250e-19 1.240831468639557569e-19 1.305468991305944100e-19 1.373926101708763059e-19 1.446404882356087248e-19 1.523109511345261945e-19 1.604244289074108941e-19 1.690011237355861433e-19 1.780607221230678345e-19 1.876220544452046990e-19 1.977026972392424814e-19 2.083185141529919971e-19 2.194831323377704316e-19 2.312073523371009405e-19 2.434984912513309210e-19 2.563596612147486291e-19 2.697889880604521852e-19 2.837787785055972947e-19 2.983146482740622578e-19 3.133746282534037542e-19 3.289282709734603107e-19 3.449357852437887926e-19 3.613472324658507163e-19 3.781018236246218009e-19 3.951273608519985397e-19 4.123398712424747585e-19 4.296434827207661352e-19 4.469305916023906528e-19 4.640823684503905973e-19 4.809696423845786105e-19 4.974541937626315998e-19 5.133904709771168657e-19 5.286277291670386588e-19 5.430125674783330881e-19 5.563918180981960303e-19 5.686157160221319736e-19 5.795412551332520181e-19 5.890356156558486353e-19 5.969795324184896310e-19 6.032704644888019205e-19 6.078254260840340359e-19 6.105833470596630815e-19 6.115068487889013803e-19 6.105833470596630815e-19 6.078254260840340359e-19 6.032704644888019205e-19 5.969795324184896310e-19 5.890356156558486353e-19 5.795412551332515366e-19 5.686157160221314921e-19 5.563918180981964154e-19 5.430125674783330881e-19 5.286277291670386588e-19 5.133904709771168657e-19 4.974541937626315998e-19 4.809696423845786105e-19 4.640823684503905973e-19 4.469305916023903639e-19 4.296434827207661352e-19 4.123398712424747585e-19 3.951273608519982989e-19 3.781018236246215120e-19 3.613472324658505237e-19 3.449357852437889852e-19 3.289282709734603107e-19 3.133746282534037542e-19 2.983146482740622578e-19 2.837787785055972947e-19 2.697889880604521852e-19 2.563596612147486291e-19 2.434984912513309210e-19 2.312073523371009405e-19 2.194831323377702390e-19 2.083185141529919971e-19 1.977026972392424814e-19 1.876220544452045545e-19 1.780607221230678345e-19 1.690011237355861433e-19 1.604244289074108941e-19 1.523109511345261945e-19 1.446404882356087248e-19 1.373926101708763059e-19 1.305468991305944100e-19 1.240831468639557569e-19 1.179815141297458250e-19 1.122226569459052292e-19 1.067878240315839375e-19 1.016589295016457644e-19 9.681860451293557094e-20 9.225023119180938501e-20 8.793796180683688500e-20 8.386672579882459947e-20 8.002222694897134474e-20
8.346469295996510340e-20 8.758998935585318834e-20 9.196768317867035119e-20 9.661453827344312843e-20 1.015483218448610348e-19 1.067878240315839375e-19 1.123528675850573993e-19 1.182643049870382107e-19 1.245439999023963843e-19 1.312147893873835219e-19 1.383004227636966636e-19 1.458254725341506097e-19 1.538152121699486524e-19 1.622954550613628035e-19 1.712923484189038050e-19 1.808321154746264054e-19 1.909407390063233924e-19 2.016435790447292002e-19 2.129649176906425596e-19 2.249274243420325543e-19 2.375515353991803921e-19 2.508547437772419545e-19 2.648507954158985756e-19 2.795487925427817155e-19 2.949522068235567572e-19 3.110578098036939011e-19 3.278545332721948132e-19 3.453222783664135320e-19 3.634306993328334793e-19 3.821379957147235960e-19 4.013897550944597146e-19 4.211178969823574008e-19 4.412397764727912398e-19 4.616575131870466346e-19 4.822576159559287091e-19 5.029109757241886141e-19 5.234732973018000963e-19 5.437860339121325341e-19 5.636778762313747505e-19 5.829668293231578427e-19 6.014628865478591499e-19 6.189712797542834671e-19 6.352962511066090152e-19 6.502452557278467864e-19 6.636334685538080777e-19 6.752884364536053241e-19 6.850546910368686443e-19 6.927981217174391618e-19 6.984099050522581055e-19 7.018097966838755294e-19 7.029486166911934599e-19 7.018097966838755294e-19 6.984099050522581055e-19 6.927981217174391618e-19 6.850546910368686443e-19 6.752884364536053241e-19 6.636334685538076925e-19 6.502452557278462086e-19 6.352962511066090152e-19 6.189712797542834671e-19 6.014628865478591499e-19 5.829668293231578427e-19 5.636778762313747505e-19 5.437860339121325341e-19 5.234732973018000963e-19 5.029109757241884215e-19 4.822576159559287091e-19 4.616575131870466346e-19 4.412397764727912398e-19 4.211178969823574008e-19 4.013897550944597146e-19 3.821379957147237886e-19 3.634306993328334793e-19 3.453222783664135320e-19 3.278545332721948132e-19 3.110578098036939011e-19 2.949522068235567572e-19 2.795487925427817155e-19 2.648507954158985756e-19 2.508547437772419545e-19 2.375515353991801995e-19 2.249274243420325543e-19 2.129649176906425596e-19 2.016435790447292002e-19 1.909407390063233924e-19 1.808321154746264054e-19 1.712923484189038050e-19 1.622954550613628035e-19 1.538152121699486524e-19 1.458254725341506097e-19 1.383004227636966636e-19 1.312147893873835219e-19 1.245439999023963843e-19 1.182643049870380903e-19 1.123528675850573993e-19 1.067878240315839375e-19 1.015483218448610348e-19 9.661453827344312843e-20 9.196768317867035119e-20 8.758998935585318834e-20 8.346469295996510340e-20
8.707226050541167593e-20 9.149991628443327763e-20 9.620851403295531270e-20 1.012176769567619336e-19 1.065483128794075526e-19 1.122226569459053255e-19 1.182643049870382107e-19 1.246982344901053400e-19 1.315508095567209608e-19 1.388497655989613122e-19 1.466241688341622345e-19 1.549043448923884461e-19 1.637217700605919543e-19 1.731089178720779851e-19 1.830990529358545138e-19 1.937259631250442273e-19 2.050236205565868434e-19 2.170257612606408543e-19 2.297653731388900454e-19 2.432740818465888357e-19 2.575814247234515183e-19 2.727140039828251989e-19 2.886945122039724291e-19 3.055406259288542842e-19 3.232637670177984373e-19 3.418677365357963493e-19 3.613472324658507163e-19 3.816862705715802290e-19 4.028565372726856700e-19 4.248157143527312685e-19 4.475058274317574697e-19 4.708516829524111372e-19 4.947594712600449058e-19 5.191156252605231188e-19 5.437860339121325341e-19 5.686157160221323588e-19 5.934290608964244322e-19 6.180307367327660962e-19 6.422073538130161864e-19 6.657299464835372730e-19 6.883573052006519144e-19 7.098401480344629550e-19 7.299260715316121223e-19 7.483651664845083541e-19 7.649161288276243663e-19 7.793526443722842076e-19 7.914697836738731190e-19 8.010901151681593382e-19 8.080692351943305910e-19 8.123004255448269267e-19 8.137181836124464965e-19 8.123004255448269267e-19 8.080692351943305910e-19 8.010901151681593382e-19 7.914697836738731190e-19 7.793526443722842076e-19 7.649161288276237885e-19 7.483651664845083541e-19 7.299260715316121223e-19 7.098401480344629550e-19 6.883573052006519144e-19 6.657299464835372730e-19 6.422073538130161864e-19 6.180307367327660962e-19 5.934290608964244322e-19 5.686157160221323588e-19 5.437860339121325341e-19 5.191156252605231188e-19 4.947594712600449058e-19 4.708516829524109446e-19 4.475058274317571809e-19 4.248157143527312685e-19 4.028565372726856700e-19 3.816862705715802290e-19 3.613472324658507163e-19 3.418677365357963493e-19 3.232637670177984373e-19 3.055406259288542842e-19 2.886945122039724291e-19 2.727140039828251989e-19 2.575814247234515183e-19 2.432740818465885468e-19 2.297653731388900454e-19 2.170257612606408543e-19 2.050236205565868434e-19 1.937259631250442273e-19 1.830990529358545138e-19 1.731089178720779851e-19 1.637217700605919543e-19 1.549043448923884461e-19 1.466241688341622345e-19 1.388497655989613122e-19 1.315508095567209608e-19 1.246982344901052437e-19 1.182643049870380903e-19 1.122226569459052292e-19 1.065483128794075526e-19 1.012176769567619336e-19 9.620851403295531270e-20 9.149991628443327763e-20 8.707226050541167593e-20
9.085157510155246213e-20 9.560469890866529508e-20 1.006705006708345757e-19 1.060719126817105775e-19 1.118334959259560659e-19 1.179815141297458250e-19 1.245439999023963843e-19 1.315508095567209608e-19 1.390336624819599646e-19 1.470261601312309053e-19 1.555637787728794508e-19 1.646838291433259021e-19 1.744253750350043527e-19 1.848291016713628577e-19 1.959371234862072264e-19 2.077927196743947874e-19 2.204399846686565077e-19 2.339233795966501851e-19 2.482871698805272570e-19 2.635747335833066982e-19 2.798277250383712848e-19 2.970850789103274807e-19 3.153818413514696963e-19 3.347478175944597770e-19 3.552060294399337966e-19 3.767709819513415077e-19 3.994467465430741641e-19 4.232248777864879047e-19 4.480821938230594833e-19 4.739784652875842411e-19 5.008540749246606159e-19 5.286277291670389477e-19 5.571943230186924882e-19 5.864230794147670120e-19 6.161561021264027645e-19 6.462074951082150507e-19 6.763632084523884842e-19 7.063817691203114399e-19 7.359960407436871906e-19 7.649161288276243663e-19 7.928335043230371550e-19 8.194263597697111183e-19 8.443661397903793851e-19 8.673251053951805024e-19 8.879847051277643352e-19 9.060444430906886332e-19 9.212308629754131601e-19 9.333062171734875505e-19 9.420763685875688292e-19 9.473974853277904878e-19 9.491811371501514992e-19 9.473974853277904878e-19 9.420763685875688292e-19 9.333062171734875505e-19 9.212308629754131601e-19 9.060444430906886332e-19 8.879847051277635648e-19 8.673251053951805024e-19 8.443661397903793851e-19 8.194263597697111183e-19 7.928335043230371550e-19 7.649161288276243663e-19 7.359960407436871906e-19 7.063817691203114399e-19 6.763632084523884842e-19 6.462074951082150507e-19 6.161561021264022830e-19 5.864230794147670120e-19 5.571943230186924882e-19 5.286277291670386588e-19 5.008540749246602308e-19 4.739784652875842411e-19 4.480821938230594833e-19 4.232248777864879047e-19 3.994467465430741641e-19 3.767709819513415077e-19 3.552060294399337966e-19 3.347478175944597770e-19 3.153818413514696963e-19 2.970850789103274807e-19 2.798277250383712848e-19 2.635747335833064575e-19 2.482871698805272570e-19 2.339233795966501851e-19 2.204399846686565077e-19 2.077927196743947874e-19 1.959371234862072264e-19 1.848291016713628577e-19 1.744253750350043527e-19 1.646838291433259021e-19 1.555637787728794508e-19 1.470261601312309053e-19 1.390336624819599646e-19 1.315508095567209608e-19 1.245439999023963843e-19 1.179815141297458250e-19 1.118334959259561622e-19 1.060719126817105775e-19 1.006705006708345757e-19 9.560469890866529508e-20 9.085157510155246213e-20
9.480922219828852205e-20 9.991254252999983458e-20 1.053638027809727125e-19 1.111897597022807819e-19 1.174192181259632889e-19 1.240831468639557569e-19 1.312147893873835219e-19 1.388497655989613122e-19 1.470261601312309053e-19 1.557845915810788030e-19 1.651682559159252723e-19 1.752229359521093628e-19 1.859969673094772248e-19 1.975411495939906082e-19 2.099085897691880798e-19 2.231544627792673055e-19 2.373356725327573374e-19 2.525103944228036691e-19 2.687374787563654881e-19 2.860756929374133380e-19 3.045827791923209727e-19 3.243143042864462893e-19 3.453222783664133394e-19 3.676535221421823776e-19 3.913477655265636976e-19 4.164354670574846025e-19 4.429353524491071069e-19 4.708516829524109446e-19 5.001712802894401806e-19 5.308603550480141317e-19 5.628612096250873247e-19 5.960889147497148321e-19 6.304280894445923146e-19 6.657299464835372730e-19 7.018097966838750480e-19 7.384452326254556741e-19 7.753752317246448553e-19 8.123004255448262526e-19 8.488847721221511620e-19 8.847588366171425343e-19 9.195248295632912590e-19 9.527634701125204372e-19 9.840426354816107494e-19 1.012927632192762103e-18 1.038992788242141365e-18 1.061833929950464107e-18 1.081081187282514176e-18 1.096411482002840418e-18 1.107560008004029323e-18 1.114330022775638557e-18 1.116600337941593148e-18 1.114330022775638557e-18 1.107560008004029323e-18 1.096411482002840418e-18 1.081081187282514176e-18 1.061833929950464107e-18 1.038992788242140402e-18 1.012927632192761140e-18 9.840426354816117124e-19 9.527634701125204372e-19 9.195248295632912590e-19 8.847588366171425343e-19 8.488847721221511620e-19 8.123004255448262526e-19 7.753752317246448553e-19 7.384452326254556741e-19 7.018097966838750480e-19 6.657299464835368878e-19 6.304280894445917368e-19 5.960889147497141581e-19 5.628612096250870358e-19 5.308603550480145169e-19 5.001712802894401806e-19 4.708516829524109446e-19 4.429353524491071069e-19 4.164354670574846025e-19 3.913477655265636976e-19 3.676535221421823776e-19 3.453222783664133394e-19 3.243143042864462893e-19 3.045827791923206839e-19 2.860756929374133380e-19 2.687374787563651992e-19 2.525103944228036691e-19 2.373356725327573374e-19 2.231544627792673055e-19 2.099085897691880798e-19 1.975411495939906082e-19 1.859969673094772248e-19 1.752229359521093628e-19 1.651682559159252723e-19 1.557845915810788030e-19 1.470261601312309053e-19 1.388497655989611677e-19 1.312147893873835219e-19 1.240831468639556365e-19 1.174192181259634092e-19 1.111897597022807819e-19 1.053638027809727125e-19 9.991254252999983458e-20 9.480922219828852205e-20
9.895165963319872427e-20 1.044315928150060014e-19 1.102986168543274481e-19 1.165839023872241124e-19 1.233211775632110444e-19 1.305468991305944100e-19 1.383004227636966636e-19 1.466241688341622345e-19 1.555637787728794508e-19 1.651682559159252723e-19 1.754900832549984626e-19 1.865853087994852753e-19 1.985135872868900014e-19 2.113381647408484200e-19 2.251257898717537574e-19 2.399465335600833754e-19 2.558734946945761736e-19 2.729823675241255318e-19 2.913508425310897391e-19 3.110578098036939011e-19 3.321823312005475596e-19 3.548023455652182884e-19 3.789930702628121065e-19 4.048250628817696293e-19 4.323619096987786585e-19 4.616575131870463457e-19 4.927529603061679573e-19 5.256729674603007017e-19 5.604219177641908191e-19 5.969795324184893422e-19 6.352962511066086300e-19 6.752884364536048426e-19 7.168335640791446838e-19 7.597656109768931975e-19 8.038709079388017588e-19 8.488847721221511620e-19 8.944892777084652237e-19 9.403125486471826973e-19 9.859299595614106195e-19 1.030867600851093619e-18 1.074608294908493422e-18 1.116600337941593148e-18 1.156268986305008834e-18 1.193030513334966435e-18 1.226308444920969956e-18 1.255551358322374727e-18 1.280251423057228668e-18 1.299962701515011689e-18 1.314318135471155364e-18 1.323044142589694443e-18 1.325971844463671962e-18 1.323044142589694443e-18 1.314318135471155364e-18 1.299962701515011689e-18 1.280251423057228668e-18 1.255551358322374727e-18 1.226308444920969956e-18 1.193030513334965279e-18 1.156268986305008834e-18 1.116600337941593148e-18 1.074608294908493422e-18 1.030867600851093619e-18 9.859299595614106195e-19 9.403125486471826973e-19 8.944892777084652237e-19 8.488847721221511620e-19 8.038709079388009885e-19 7.597656109768927160e-19 7.168335640791441060e-19 6.752884364536048426e-19 6.352962511066080522e-19 5.969795324184896310e-19 5.604219177641908191e-19 5.256729674603007017e-19 4.927529603061679573e-19 4.616575131870463457e-19 4.323619096987786585e-19 4.048250628817696293e-19 3.789930702628121065e-19 3.548023455652182884e-19 3.321823312005475596e-19 3.110578098036939011e-19 2.913508425310894984e-19 2.729823675241255318e-19 2.558734946945761736e-19 2.399465335600833754e-19 2.251257898717537574e-19 2.113381647408484200e-19 1.985135872868900014e-19 1.865853087994852753e-19 1.754900832549984626e-19 1.651682559159252723e-19 1.555637787728794508e-19 1.466241688341622345e-19 1.383004227636966636e-19 1.305468991305944100e-19 1.233211775632110444e-19 1.165839023872241124e-19 1.102986168543274481e-19 1.044315928150060014e-19 9.895165963319872427e-20
1.032851391244599832e-19 1.091698500191262703e-19 1.154850839266212630e-19 1.222670980453169812e-19 1.295553238429306854e-19 1.373926101708763059e-19 1.458254725341506097e-19 1.549043448923884461e-19 1.646838291433259021e-19 1.752229359521093628e-19 1.865853087994852753e-19 1.988394209884277304e-19 2.120587328322852233e-19 2.263217933115269605e-19 2.417122671016072520e-19 2.583188640254576878e-19 2.762351436759305111e-19 2.955591632229857463e-19 3.163929313499660306e-19 3.388416259985268617e-19 3.630125283736482427e-19 3.890136208113413337e-19 4.169517921270978228e-19 4.469305916023903639e-19 4.790474726954194452e-19 5.133904709771168657e-19 5.500342690295853990e-19 5.890356156558486353e-19 6.304280894445923146e-19 6.742162292418813071e-19 7.203690979416588865e-19 7.688134022468658804e-19 8.194263597697104442e-19 8.720285846824825400e-19 9.263773507423105042e-19 9.821606800129058285e-19 1.038992788242141365e-18 1.096411482002841188e-18 1.153878134396105843e-18 1.210780850255054494e-18 1.266441354134617581e-18 1.320125984237437094e-18 1.371060948760353163e-18 1.418451703549653023e-18 1.461505958858467340e-18 1.499459448250679480e-18 1.531603234842575959e-18 1.557311036061375371e-18 1.576064864603137636e-18 1.587477248610742723e-18 1.591308430261582375e-18 1.587477248610742723e-18 1.576064864603137636e-18 1.557311036061375371e-18 1.531603234842575959e-18 1.499459448250679480e-18 1.461505958858465799e-18 1.418451703549653023e-18 1.371060948760354897e-18 1.320125984237437094e-18 1.266441354134617581e-18 1.210780850255054494e-18 1.153878134396105843e-18 1.096411482002841188e-18 1.038992788242141365e-18 9.821606800129050581e-19 9.263773507423105042e-19 8.720285846824817696e-19 8.194263597697104442e-19 7.688134022468651101e-19 7.203690979416584050e-19 6.742162292418813071e-19 6.304280894445923146e-19 5.890356156558486353e-19 5.500342690295853990e-19 5.133904709771168657e-19 4.790474726954194452e-19 4.469305916023903639e-19 4.169517921270978228e-19 3.890136208113413337e-19 3.630125283736482427e-19 3.388416259985268617e-19 3.163929313499660306e-19 2.955591632229857463e-19 2.762351436759305111e-19 2.583188640254576878e-19 2.417122671016072520e-19 2.263217933115269605e-19 2.120587328322852233e-19 1.988394209884277304e-19 1.865853087994852753e-19 1.752229359521093628e-19 1.646838291433259021e-19 1.549043448923883016e-19 1.458254725341506097e-19 1.373926101708763059e-19 1.295553238429306854e-19 1.222670980453169812e-19 1.154850839266212630e-19 1.091698500191262703e-19 1.032851391244599832e-19
1.078156158686856093e-19 1.141350687399642775e-19 1.209331798650136462e-19 1.282520588886779768e-19 1.361377340017753235e-19 1.446404882356087248e-19 1.538152121699486524e-19 1.637217700605919543e-19 1.744253750350043527e-19 1.859969673094772248e-19 1.985135872868900014e-19 2.120587328322852233e-19 2.267226869202559071e-19 2.426027981264050197e-19 2.598036920178263732e-19 2.784373863132997014e-19 2.986232766756131841e-19 3.204879531357027599e-19 3.441647994450351025e-19 3.697933191915650995e-19 3.975181234797814645e-19 4.274875056951309179e-19 4.598515198730660099e-19 4.947594712600449058e-19 5.323567219074968030e-19 5.727807121048858856e-19 6.161561021264022830e-19 6.625889506276782919e-19 7.121598690450369327e-19 7.649161288276237885e-19 8.208627536611595870e-19 8.799527050399260861e-19 9.420763685875680589e-19 1.007050670451515713e-18 1.074608294908495348e-18 1.144387628853660177e-18 1.215924213763333163e-18 1.288644622967683612e-18 1.361863778180844071e-18 1.434786746876360975e-18 1.506515993123301623e-18 1.576064864603139177e-18 1.642377773097635742e-18 1.704357066107478856e-18 1.760896016003480624e-18 1.810916716721574956e-18 1.853411045372124709e-18 1.887482301723314972e-18 1.912384770438873815e-18 1.927558335301821941e-18 1.932655459247484433e-18 1.927558335301821941e-18 1.912384770438873815e-18 1.887482301723314972e-18 1.853411045372124709e-18 1.810916716721574956e-18 1.760896016003480624e-18 1.704357066107478856e-18 1.642377773097635742e-18 1.576064864603139177e-18 1.506515993123301623e-18 1.434786746876360975e-18 1.361863778180844071e-18 1.288644622967683612e-18 1.215924213763333163e-18 1.144387628853660177e-18 1.074608294908494385e-18 1.007050670451515713e-18 9.420763685875680589e-19 8.799527050399253158e-19 8.208627536611591055e-19 7.649161288276237885e-19 7.121598690450369327e-19 6.625889506276782919e-19 6.161561021264022830e-19 5.727807121048858856e-19 5.323567219074968030e-19 4.947594712600449058e-19 4.598515198730660099e-19 4.274875056951309179e-19 3.975181234797814645e-19 3.697933191915648106e-19 3.441647994450351025e-19 3.204879531357024229e-19 2.986232766756131841e-19 2.784373863132997014e-19 2.598036920178263732e-19 2.426027981264050197e-19 2.267226869202559071e-19 2.120587328322852233e-19 1.985135872868900014e-19 1.859969673094772248e-19 1.744253750350043527e-19 1.637217700605919543e-19 1.538152121699486524e-19 1.446404882356085804e-19 1.361377340017753235e-19 1.282520588886779768e-19 1.209331798650136462e-19 1.141350687399642775e-19 1.078156158686856093e-19
1.125486453667513178e-19 1.193346419237629203e-19 1.266525864008853098e-19 1.345513106637367539e-19 1.430844604240034772e-19 1.523109511345261945e-19 1.622954550613628035e-19 1.731089178720779851e-19 1.848291016713628577e-19 1.975411495939906082e-19 2.113381647408484200e-19 2.263217933115269605e-19 2.426027981264050197e-19 2.603016042066891219e-19 2.795487925427817155e-19 3.004855114695198821e-19 3.232637670177984373e-19 3.480465440709329802e-19 3.750076989942736382e-19 4.043315515594910377e-19 4.362120894842973022e-19 4.708516829524109446e-19 5.084591895150143354e-19 5.492473126121266278e-19 5.934290608964244322e-19 6.412131425570904821e-19 6.927981217174391618e-19 7.483651664845083541e-19 8.080692351943305910e-19 8.720285846824825400e-19 9.403125486471826973e-19 1.012927632192762103e-18 1.089802106483443232e-18 1.170769468863438420e-18 1.255551358322375882e-18 1.343740776737129368e-18 1.434786746876360975e-18 1.527981811839929494e-18 1.622454009042272246e-18 1.717165086585926222e-18 1.810916716721574956e-18 1.902366247830667075e-18 1.990053083569891417e-18 2.072436071591526852e-18 2.147941348483045000e-18 2.215018992279791304e-18 2.272205696031319174e-18 2.318189649456212992e-18 2.351873070421865949e-18 2.372427518603570993e-18 2.379337355844106601e-18 2.372427518603570993e-18 2.351873070421865949e-18 2.318189649456212992e-18 2.272205696031319174e-18 2.215018992279791304e-18 2.147941348483042304e-18 2.072436071591524155e-18 1.990053083569891417e-18 1.902366247830667075e-18 1.810916716721574956e-18 1.717165086585926222e-18 1.622454009042272246e-18 1.527981811839929494e-18 1.434786746876360975e-18 1.343740776737129368e-18 1.255551358322374727e-18 1.170769468863438420e-18 1.089802106483443232e-18 1.012927632192762103e-18 9.403125486471826973e-19 8.720285846824825400e-19 8.080692351943305910e-19 7.483651664845083541e-19 6.927981217174391618e-19 6.412131425570904821e-19 5.934290608964244322e-19 5.492473126121266278e-19 5.084591895150143354e-19 4.708516829524109446e-19 4.362120894842970133e-19 4.043315515594907970e-19 3.750076989942736382e-19 3.480465440709324024e-19 3.232637670177984373e-19 3.004855114695198821e-19 2.795487925427817155e-19 2.603016042066891219e-19 2.426027981264050197e-19 2.263217933115269605e-19 2.113381647408484200e-19 1.975411495939906082e-19 1.848291016713628577e-19 1.731089178720779851e-19 1.622954550613628035e-19 1.523109511345261945e-19 1.430844604240036216e-19 1.345513106637367539e-19 1.266525864008853098e-19 1.193346419237629203e-19 1.125486453667513178e-19
1.174892666992975345e-19 1.247754679266553566e-19 1.326525411493418470e-19 1.411770254523777223e-19 1.504113473092859815e-19 1.604244289074108941e-19 1.712923484189038050e-19 1.830990529358545138e-19 1.959371234862072264e-19 2.099085897691880798e-19 2.251257898717537574e-19 2.417122671016072520e-19 2.598036920178263732e-19 2.795487925427817155e-19 3.011102684464808212e-19 3.246656582145053629e-19 3.504081160122180091e-19 3.785470437777521295e-19 4.093085080349307141e-19 4.429353524491071069e-19 4.796868951535316272e-19 5.198380742979563353e-19 5.636778762313743653e-19 6.115068487889013803e-19 6.636334685538080777e-19 7.203690979416588865e-19 7.820212390864106744e-19 8.488847721221519323e-19 9.212308629754123897e-19 9.992932499644862102e-19 1.083251681355501972e-18 1.173212391252513128e-18 1.269185682890233244e-18 1.371060948760354897e-18 1.478579802987901250e-18 1.591308430261584109e-18 1.708610749934311203e-18 1.829624516494712764e-18 1.953242968212911007e-18 2.078105010857489386e-18 2.202597081198400969e-18 2.324869667394609792e-18 2.442870875004098458e-18 2.554398361084784722e-18 2.657169423133932528e-18 2.748907121538976253e-18 2.827438229618957568e-18 2.890796827737783013e-18 2.937325821578628045e-18 2.965767893507283245e-18 2.975337629893866756e-18 2.965767893507283245e-18 2.937325821578628045e-18 2.890796827737783013e-18 2.827438229618957568e-18 2.748907121538976253e-18 2.657169423133929447e-18 2.554398361084781255e-18 2.442870875004098458e-18 2.324869667394609792e-18 2.202597081198400969e-18 2.078105010857489386e-18 1.953242968212911007e-18 1.829624516494712764e-18 1.708610749934311203e-18 1.591308430261582375e-18 1.478579802987901250e-18 1.371060948760354897e-18 1.269185682890233244e-18 1.173212391252511780e-18 1.083251681355501009e-18 9.992932499644873658e-19 9.212308629754123897e-19 8.488847721221519323e-19 7.820212390864106744e-19 7.203690979416588865e-19 6.636334685538080777e-19 6.115068487889013803e-19 5.636778762313743653e-19 5.198380742979563353e-19 4.796868951535316272e-19 4.429353524491071069e-19 4.093085080349304253e-19 3.785470437777515999e-19 3.504081160122180091e-19 3.246656582145053629e-19 3.011102684464808212e-19 2.795487925427817155e-19 2.598036920178263732e-19 2.417122671016072520e-19 2.251257898717537574e-19 2.099085897691880798e-19 1.959371234862070097e-19 1.830990529358545138e-19 1.712923484189036606e-19 1.604244289074107255e-19 1.504113473092861259e-19 1.411770254523777223e-19 1.326525411493418470e-19 1.247754679266553566e-19 1.174892666992975345e-19
